1,5,6,7,9,17,19,20,
21,22,30,32,33,34,35,43,
45,46,47,48,56,58,59,71,
73,74,75,76,84,86,87,88,
89,97,99,100,123,126,127,128,
129,137,139,140,156,160,161,175,
176,177,178,179,187,189,190,212,
214,215,265,266,267,268,287,288,
382,398,402,413,437,476,487,492,
497,524,552,557,561,566,573,599,
626,648,651,669,719,727,745,753,
762,765,787,805,808,820,821,863,
984,1048,1095,1112,1120,1121,1123,1127,
1138,1139,1165,1177,1189,1190,1203,1215,
1251,1273,1276,1398,1399,1406,1407,1454,
1501,1509,1518,1534,1558,1665,1666,1667,
1668,1827,2199,2222,2284,2299,2355,2427,
2451,2499,2547,
